50
0 1 3665 1711 6867 7391 5513 4790 5822 4314 8919 7775 5799 7631 6405 7848 7401 9527 7948 7599 543 6260 8274 3651 2468 8403 64 429 2395 123 4945 1564 4378 8596 610 8835 5664 9762 536 3240 4074 5109 8443 6880 7680 7448 559 7404 3639 9394 
1 0 1 4354 2819 376 5034 7574 2881 596 7433 4983 1225 5639 6883 9353 6764 9427 7626 4299 6330 2307 234 4069 2956 7287 8030 7971 5823 8126 4564 6592 1217 7828 5096 6462 6235 9387 5747 6958 1283 6445 7597 400 2877 8732 5662 1873 8802 1894 
3665 1 0 1 63 7314 5730 4468 6416 7191 9598 976 8139 4671 3874 2628 1359 1849 4121 7051 6170 5166 1377 9977 8265 797 6989 9128 474 4493 6019 9811 5057 3529 2313 8394 2660 6550 8280 6561 6095 2633 4000 3888 5136 4180 8811 7284 387 8184 
1711 4354 1 0 1 5258 803 4320 7135 8288 4908 2771 1998 7777 7390 4920 4863 7171 9848 5121 2603 6570 5446 8076 7124 5343 2753 7822 987 9295 4561 685 8793 600 4761 6055 1135 1517 875 440 8620 6483 8181 7580 4102 7938 401 9129 723 5554 
6867 2819 63 1 0 1 3760 1956 4088 9245 1170 3686 1647 7077 6557 3487 5717 8690 8966 2849 5142 4724 3015 2964 9056 911 3945 5200 6732 6812 1766 9299 125 5434 7906 991 5088 4539 9056 3817 2170 8113 7939 366 6170 7027 1960 4531 7274 7804 
7391 376 7314 5258 1 0 1 2321 3233 3501 5365 7679 7330 540 7278 9352 5542 2101 1697 7667 4492 9555 7928 3008 5508 5041 5296 4211 1702 8086 4864 7792 5629 5352 4544 5593 1124 6386 3330 4165 3277 9146 6472 6227 5526 1314 9902 7682 2528 5630 
5513 5034 5730 803 3760 1 0 1 52 7353 650 7860 2757 5934 2348 4873 6008 7118 2891 8724 3998 5215 1887 1904 4784 9549 7024 2006 5771 240 5127 3385 1805 5441 928 6696 796 2709 2299 5095 5363 6603 4467 1390 6852 2800 2749 6524 2070 3190 
4790 7574 4468 4320 1956 2321 1 0 1 6239 3213 6645 2061 7154 8404 2172 8607 3763 5437 5925 6113 2219 8485 3524 9590 2608 2199 1133 4718 598 2409 3251 4997 3225 908 5080 6575 9825 7135 2395 7475 2667 160 7369 2519 682 7481 7967 6841 4072 
5822 2881 6416 7135 4088 3233 52 1 0 1 2685 5990 5405 405 9149 268 3750 2004 601 1718 9220 493 2613 1421 5978 1865 3372 4792 7249 301 2945 8498 1502 8549 7676 8960 280 8017 5213 2822 4179 7015 9347 6270 9812 2422 5814 6127 9203 3027 
4314 596 7191 8288 9245 3501 7353 6239 1 0 1 3102 5358 7485 5501 5079 2994 2258 1680 8650 3540 3755 7984 9194 203 6207 6421 3379 478 9840 2993 7373 7625 4723 4005 2032 2235 6581 2336 668 7867 3712 6326 5186 4990 5348 1823 9933 122 2126 
8919 7433 9598 4908 1170 5365 650 3213 2685 1 0 1 673 4794 9155 9793 2770 1859 7432 1728 3533 3170 3286 2685 5363 4467 3881 7281 3354 3810 5281 7335 5087 1766 8530 3487 5302 6405 3673 1148 6720 6062 2544 433 4959 7174 7750 9860 7126 9738 
7775 4983 976 2771 3686 7679 7860 6645 5990 3102 1 0 1 4680 9321 6417 722 3642 9882 3512 2949 7688 5005 605 5866 6959 9805 7929 6119 5841 6692 5671 4181 8868 9612 2037 8743 8164 6176 635 1912 503 5212 5831 1488 5880 7298 9040 3284 8950 
5799 1225 8139 1998 1647 7330 2757 2061 5405 5358 673 1 0 1 4563 9257 9344 9217 1983 2909 732 2014 5313 9636 7471 3182 6223 8152 959 3480 6697 1037 9718 8515 3521 9863 5098 9942 8117 2659 7753 731 8711 4116 2116 151 4350 5310 8886 4964 
7631 5639 4671 7777 7077 540 5934 7154 405 7485 4794 4680 1 0 1 9239 8572 5457 4183 493 5136 7601 9885 4986 1390 4035 2926 4880 3568 9803 7454 8314 5065 4184 11 741 6298 8105 8402 4454 8184 6264 397 1518 2976 4219 966 475 2985 4182 
6405 6883 3874 7390 6557 7278 2348 8404 9149 5501 9155 9321 4563 1 0 1 6325 3832 5476 2896 5224 3208 1994 7629 2000 135 1067 7327 8468 7796 1926 9524 2918 7825 6689 5032 6399 927 426 4526 1471 3082 7365 8104 8724 2180 5306 3766 8835 8512 
7848 9353 2628 4920 3487 9352 4873 2172 268 5079 9793 6417 9257 9239 1 0 1 1012 9452 977 4482 9670 5530 1328 5335 8934 3089 329 3895 8842 5785 8062 321 1438 5964 4271 5615 1209 2520 9452 1564 1090 7930 166 9310 2933 4780 1927 1625 3204 
7401 6764 1359 4863 5717 5542 6008 8607 3750 2994 2770 722 9344 8572 6325 1 0 1 4463 2242 2546 4529 7749 7597 7980 4030 4606 3784 6246 9094 5424 2866 4205 4014 1709 6549 3248 1706 9304 1818 364 4353 2360 9840 8207 1786 680 1307 9775 865 
9527 9427 1849 7171 8690 2101 7118 3763 2004 2258 1859 3642 9217 5457 3832 1012 1 0 1 5596 8318 6957 1790 3578 2619 3270 2611 8852 206 705 9755 3542 6875 4186 2987 8989 9377 9781 3111 2091 3863 8202 275 5393 7724 2559 6580 2560 397 9431 
7948 7626 4121 9848 8966 1697 2891 5437 601 1680 7432 9882 1983 4183 5476 9452 4463 1 0 1 7728 9474 4429 2038 8351 9024 9163 710 9457 5241 6979 9301 3346 4545 5882 4156 9046 4895 1631 8740 8603 7865 9493 1214 2373 6037 8227 8803 9669 7623 
7599 4299 7051 5121 2849 7667 8724 5925 1718 8650 1728 3512 2909 493 2896 977 2242 5596 1 0 1 7637 4900 6647 7486 7822 5413 7321 3565 3551 6199 5936 1993 1161 6421 2169 6817 7084 5324 684 6851 4432 9840 6176 4141 3393 9218 4628 1052 6975 
543 6330 6170 2603 5142 4492 3998 6113 9220 3540 3533 2949 732 5136 5224 4482 2546 8318 7728 1 0 1 2565 7273 1535 382 6329 2990 1627 2226 3542 1354 9446 6133 4894 2129 5987 215 8254 1235 1910 4378 2456 5209 331 9116 1364 4265 3715 9972 
6260 2307 5166 6570 4724 9555 5215 2219 493 3755 3170 7688 2014 7601 3208 9670 4529 6957 9474 7637 1 0 1 2804 5366 199 9582 8382 4875 3200 7322 1134 250 6847 9739 2510 8429 4999 4644 1317 7922 6107 2620 2868 8496 3376 1426 6978 1547 1874 
8274 234 1377 5446 3015 7928 1887 8485 2613 7984 3286 5005 5313 9885 1994 5530 7749 1790 4429 4900 2565 1 0 1 7455 3647 2313 4635 8035 741 5406 7323 3827 7907 6568 1122 4817 8006 8741 8125 5983 3302 3871 6324 9342 8331 9420 4182 8127 2786 
3651 4069 9977 8076 2964 3008 1904 3524 1421 9194 2685 605 9636 4986 7629 1328 7597 3578 2038 6647 7273 2804 1 0 1 6828 3113 7728 515 7334 3776 3209 6113 7652 8491 9951 5022 6042 3636 4878 9235 7729 7572 3683 7641 5722 6232 1584 509 292 
2468 2956 8265 7124 9056 5508 4784 9590 5978 203 5363 5866 7471 1390 2000 5335 7980 2619 8351 7486 1535 5366 7455 1 0 1 5243 2347 8113 5117 2139 8706 1597 2881 5458 500 9047 3267 9809 3729 631 8752 7417 2960 9619 5151 8803 3038 5875 230 
8403 7287 797 5343 911 5041 9549 2608 1865 6207 4467 6959 3182 4035 135 8934 4030 3270 9024 7822 382 199 3647 6828 1 0 1 6132 5741 6346 188 4862 2086 1419 4605 4597 3118 4035 6683 7735 5124 331 6458 3193 2649 9726 1264 9593 1831 3627 
64 8030 6989 2753 3945 5296 7024 2199 3372 6421 3881 9805 6223 2926 1067 3089 4606 2611 9163 5413 6329 9582 2313 3113 5243 1 0 1 4907 2383 2407 5693 246 8330 290 4326 1275 9023 3453 7913 2164 4716 2421 4039 5207 2119 1432 5966 4544 848 
429 7971 9128 7822 5200 4211 2006 1133 4792 3379 7281 7929 8152 4880 7327 329 3784 8852 710 7321 2990 8382 4635 7728 2347 6132 1 0 1 1597 9808 4700 188 4096 1667 2125 9493 1161 4403 9234 6205 2985 8067 5560 6731 8196 3560 4376 953 4728 
2395 5823 474 987 6732 1702 5771 4718 7249 478 3354 6119 959 3568 8468 3895 6246 206 9457 3565 1627 4875 8035 515 8113 5741 4907 1 0 1 3525 4616 2691 640 6698 9576 1900 5913 6690 8276 2310 3171 6232 4140 4696 1933 7731 3742 6467 9528 
123 8126 4493 9295 6812 8086 240 598 301 9840 3810 5841 3480 9803 7796 8842 9094 705 5241 3551 2226 3200 741 7334 5117 6346 2383 1597 1 0 1 3927 2753 8990 1758 9310 5195 4263 4692 3885 3786 4991 6834 7330 2574 4562 6466 4575 5210 3997 
4945 4564 6019 4561 1766 4864 5127 2409 2945 2993 5281 6692 6697 7454 1926 5785 5424 9755 6979 6199 3542 7322 5406 3776 2139 188 2407 9808 3525 1 0 1 3873 408 1237 3064 8696 3837 6117 5414 9035 3963 130 6238 8534 4401 8911 1419 8474 5244 
1564 6592 9811 685 9299 7792 3385 3251 8498 7373 7335 5671 1037 8314 9524 8062 2866 3542 9301 5936 1354 1134 7323 3209 8706 4862 5693 4700 4616 3927 1 0 1 3193 8458 3716 8673 3171 3355 6796 120 196 3285 9505 9790 6154 5097 4733 5767 1205 
4378 1217 5057 8793 125 5629 1805 4997 1502 7625 5087 4181 9718 5065 2918 321 4205 6875 3346 1993 9446 250 3827 6113 1597 2086 246 188 2691 2753 3873 1 0 1 7648 9307 1634 8121 5694 7807 8184 3823 8952 8509 8008 973 18 1193 8260 8257 
8596 7828 3529 600 5434 5352 5441 3225 8549 4723 1766 8868 8515 4184 7825 1438 4014 4186 4545 1161 6133 6847 7907 7652 2881 1419 8330 4096 640 8990 408 3193 1 0 1 4498 3343 1493 219 9170 7918 509 4565 730 9498 2628 8160 6816 576 9397 
610 5096 2313 4761 7906 4544 928 908 7676 4005 8530 9612 3521 11 6689 5964 1709 2987 5882 6421 4894 9739 6568 8491 5458 4605 290 1667 6698 1758 1237 8458 7648 1 0 1 6926 9092 6479 910 7715 6190 2466 8156 7260 81 2134 9360 8843 9856 
8835 6462 8394 6055 991 5593 6696 5080 8960 2032 3487 2037 9863 741 5032 4271 6549 8989 4156 2169 2129 2510 1122 9951 500 4597 4326 2125 9576 9310 3064 3716 9307 4498 1 0 1 8120 5192 4396 9314 1459 5156 5231 5939 997 2518 4937 4346 5096 
5664 6235 2660 1135 5088 1124 796 6575 280 2235 5302 8743 5098 6298 6399 5615 3248 9377 9046 6817 5987 8429 4817 5022 9047 3118 1275 9493 1900 5195 8696 8673 1634 3343 6926 1 0 1 4899 3389 3196 6492 3781 7361 4861 4585 8164 6801 6950 8187 
9762 9387 6550 1517 4539 6386 2709 9825 8017 6581 6405 8164 9942 8105 927 1209 1706 9781 4895 7084 215 4999 8006 6042 3267 4035 9023 1161 5913 4263 3837 3171 8121 1493 9092 8120 1 0 1 925 168 759 3497 1647 6334 1014 7900 1707 1086 3346 
536 5747 8280 875 9056 3330 2299 7135 5213 2336 3673 6176 8117 8402 426 2520 9304 3111 1631 5324 8254 4644 8741 3636 9809 6683 3453 4403 6690 4692 6117 3355 5694 219 6479 5192 4899 1 0 1 5858 6171 1562 4597 6939 6873 2102 4407 2806 7513 
3240 6958 6561 440 3817 4165 5095 2395 2822 668 1148 635 2659 4454 4526 9452 1818 2091 8740 684 1235 1317 8125 4878 3729 7735 7913 9234 8276 3885 5414 6796 7807 9170 910 4396 3389 925 1 0 1 8669 3607 9208 3035 6501 1081 3562 5670 6654 
4074 1283 6095 8620 2170 3277 5363 7475 4179 7867 6720 1912 7753 8184 1471 1564 364 3863 8603 6851 1910 7922 5983 9235 631 5124 2164 6205 2310 3786 9035 120 8184 7918 7715 9314 3196 168 5858 1 0 1 3475 3717 5815 1845 3042 31 7451 4003 
5109 6445 2633 6483 8113 9146 6603 2667 7015 3712 6062 503 731 6264 3082 1090 4353 8202 7865 4432 4378 6107 3302 7729 8752 331 4716 2985 3171 4991 3963 196 3823 509 6190 1459 6492 759 6171 8669 1 0 1 8771 256 9733 5120 1810 2996 6963 
8443 7597 4000 8181 7939 6472 4467 160 9347 6326 2544 5212 8711 397 7365 7930 2360 275 9493 9840 2456 2620 3871 7572 7417 6458 2421 8067 6232 6834 130 3285 8952 4565 2466 5156 3781 3497 1562 3607 3475 1 0 1 9654 8534 854 7184 272 5074 
6880 400 3888 7580 366 6227 1390 7369 6270 5186 433 5831 4116 1518 8104 166 9840 5393 1214 6176 5209 2868 6324 3683 2960 3193 4039 5560 4140 7330 6238 9505 8509 730 8156 5231 7361 1647 4597 9208 3717 8771 1 0 1 6329 5993 901 3586 5762 
7680 2877 5136 4102 6170 5526 6852 2519 9812 4990 4959 1488 2116 2976 8724 9310 8207 7724 2373 4141 331 8496 9342 7641 9619 2649 5207 6731 4696 2574 8534 9790 8008 9498 7260 5939 4861 6334 6939 3035 5815 256 9654 1 0 1 4793 7155 8119 8106 
7448 8732 4180 7938 7027 1314 2800 682 2422 5348 7174 5880 151 4219 2180 2933 1786 2559 6037 3393 9116 3376 8331 5722 5151 9726 2119 8196 1933 4562 4401 6154 973 2628 81 997 4585 1014 6873 6501 1845 9733 8534 6329 1 0 1 5578 8016 6008 
559 5662 8811 401 1960 9902 2749 7481 5814 1823 7750 7298 4350 966 5306 4780 680 6580 8227 9218 1364 1426 9420 6232 8803 1264 1432 3560 7731 6466 8911 5097 18 8160 2134 2518 8164 7900 2102 1081 3042 5120 854 5993 4793 1 0 1 1776 430 
7404 1873 7284 9129 4531 7682 6524 7967 6127 9933 9860 9040 5310 475 3766 1927 1307 2560 8803 4628 4265 6978 4182 1584 3038 9593 5966 4376 3742 4575 1419 4733 1193 6816 9360 4937 6801 1707 4407 3562 31 1810 7184 901 7155 5578 1 0 1 9721 
3639 8802 387 723 7274 2528 2070 6841 9203 122 7126 3284 8886 2985 8835 1625 9775 397 9669 1052 3715 1547 8127 509 5875 1831 4544 953 6467 5210 8474 5767 8260 576 8843 4346 6950 1086 2806 5670 7451 2996 272 3586 8119 8016 1776 1 0 1 
9394 1894 8184 5554 7804 5630 3190 4072 3027 2126 9738 8950 4964 4182 8512 3204 865 9431 7623 6975 9972 1874 2786 292 230 3627 848 4728 9528 3997 5244 1205 8257 9397 9856 5096 8187 3346 7513 6654 4003 6963 5074 5762 8106 6008 430 9721 1 0